B_KR_AF481437_2001	B_KR_AY392102_1991	B_KR_GQ290738_2008	B_KR_AY392107_2002	B_KR_AF407375_2001	B_KR_AY219017_2002	B_KR_AF273186_1997	B_KR_AY242902_1998	B_KR_AF273203_1997	B_KR_EF152298_2004	B_KR_AY585687_1999	B_KR_AY392114_2001	B_KR_DQ660453_2004	B_KR_DQ660466_2003	B_KR_AY219018_2002	B_KR_AY219015_2002	B_KR_AF282155_1999	B_KR_HQ026525_1992	B_KR_AY242905_1998	B_KR_HQ026546_1991	B_KR_AY219016_2002	B_KR_AY347694_1991	B_KR_HQ026550_1992	B_KR_HQ026549_1992	B_KR_AY347690_1991	B_KR_AF273190_1991	B_KR_DQ660484_2002	B_KR_HQ026545_1992	B_KR_HQ026527_1993	B_KR_DQ660463_2003	B_KR_AY219011_2002	B_KR_GQ290725_2007	B_KR_AY219021_2002	B_KR_AF281873_1997	B_KR_HQ026526_1992	B_KR_HQ026615_2010	B_KR_AF273202_1993	B_KR_DQ660447_2004	B_KR_AF273201_1994	B_KR_HQ026515_1992	B_KR_AF273180_1999	B_KR_AY166480_2001	B_KR_GQ290754_2007
B_KR_AF481437_2001	0	0.0159211069908419	0.01705905116645437	0.01588903543117934	0.02024597855254905	0.01058445206271985	0.007191019679260199	0.01310667368047267	0.01412829804513234	0.01380248328886098	0.01481228466223404	0.01598153572751842	0.02467524259963499	0.02906990178491264	0.01491941897734579	0.01163942391700383	0.007989969208005611	0.01484205077384107	0.0169546059333771	0.01917075794923855	0.00843740744292249	0.01117818155658092	0.01060211078435538	0.01060211078435538	0.004204963664690115	0.007101647699746996	0.02141373370562427	0.0127082729089302	0.01164209891772684	0.02356541097839175	0.0159515572541696	0.02576866244919681	0.02025208253577767	0.01792934784870197	0.01697213373341899	0.03016128132148286	0.008747205000183054	0.02030817165510555	0.008840000739145069	0.01598153572751842	0.0124411094533848	0.01235784101242544	0.01922381305288206
B_KR_AY392102_1991	0.0159211069908419	0	0.0168576765857786	0.02212483308340926	0.02218120360149784	0.01151412341628072	0.008982945898535868	0.01120888589417587	0.008653988232634167	0.01469139145174662	0.02230106440135854	0.01468549529067101	0.025446477892523	0.02759602492291081	0.01470236581875364	0.01895652422868687	0.007989969208005611	0.01681549419585423	0.01499643954900068	0.01895849097920942	0.01581191362890169	0.007412507474501161	0.01365029551601341	0.009400513036809378	0.01151412341628072	0.005293416396113874	0.02220685400461622	0.01575551626637659	0.01362590939768069	0.02435435833059998	0.02327782608663718	0.02434194858787431	0.02108804690774942	0.01606620613871677	0.01677730374803902	0.02868525734530194	0.006869899571564038	0.02111349166234808	0.006941432094637824	0.01468549529067101	0.01420028877616971	0.01060563082010747	0.02006251090957949
B_KR_GQ290738_2008	0.01705905116645437	0.0168576765857786	0	0.02668003099745125	0.02662780968952751	0.0165349236644735	0.01260941072127066	0.01874403844242459	0.01847695337356819	0.01754179489280609	0.0234384421873715	0.01652873899056208	0.02954730027718213	0.02439392007258578	0.01910962583260816	0.0169697727027013	0.008004159103199312	0.01877277858364788	0.02074003581484543	0.02439892184431793	0.01695506530524877	0.01491876509616365	0.01724228260880391	0.01404727410191752	0.01448160257983139	0.01245237657612288	0.01749303007090357	0.02041607188972588	0.01878364064507373	0.02046044412511592	0.02333069481981631	0.02035820261148799	0.02702752421001914	0.02339020424450296	0.02111085236051304	0.02677323069639706	0.01332305364573461	0.01649817373275491	0.01345754382880629	0.01880135318933906	0.01780454334883505	0.01490317397792282	0.01795154220030373
B_KR_AY392107_2002	0.01588903543117934	0.02212483308340926	0.02668003099745125	0	0.02869750630671959	0.02360803294197827	0.008943285242952646	0.01491232004636963	0.01000406379456856	0.02162624739819547	0.02015431800545571	0.02867461409953357	0.03272720061707866	0.03685170832930257	0.02327719981902665	0.0128783875455199	0.007988100431690152	0.02662876353080595	0.01874627871237943	0.0296429349661105	0.01367594144965478	0.01113719172749947	0.02159052461543527	0.02160293384658024	0.01859804959304873	0.008832692156035883	0.02967810625550858	0.02763442022577505	0.02362561055986265	0.03580017850711033	0.01910067878589053	0.03276114744661204	0.03007266268154096	0.01784299679330496	0.02759273576950245	0.03781680154982902	0.009921348915657087	0.02864969291352972	0.0100207725573733	0.02461949287663691	0.01240366623265275	0.02626078078136906	0.02765760128806934
B_KR_AF407375_2001	0.02024597855254905	0.02218120360149784	0.02662780968952751	0.02869750630671959	0	0.01791017246013059	0.01078384473910412	0.01303885254440404	0.01743205691922117	0.02114091783281961	0.0202089938812173	0.02223911962793066	0.0298101340771224	0.02990419824495089	0.01791173644972183	0.02545768706500046	0.007982001533102145	0.02111909565438552	0.01686874557344629	0.0243699456485602	0.0190741270888046	0.009272154055392006	0.02011885125424939	0.01793897334209567	0.01791017246013059	0.007060787937948086	0.02656073483800183	0.02002904394753255	0.01788754031102222	0.02759955360335868	0.02549643719974733	0.02665029894845728	0.02869776404642638	0.01784053536901334	0.02540225082898337	0.03640154119270154	0.01209612799905564	0.02546010692020968	0.01222287079230667	0.02223911962793066	0.01242732845113795	0.01522304772165927	0.02656740928176829
B_KR_AY219017_2002	0.01058445206271985	0.01151412341628072	0.0165349236644735	0.02360803294197827	0.01791017246013059	0	0.0108128467358451	0.0130821765794824	0.01337252739717167	0.003043491290920449	0.01908958472728969	0.008674047690525506	0.02243185879731112	0.02345789664441655	0.009426277370732969	0.0129177812229573	0.01000782085097843	0.01254638151938415	0.01692271980168047	0.01647851774557118	0.01050911014371057	0.009283145880075909	0.008680695437324354	0.007719047011644065	0.008665366083413754	0.007076519444147385	0.01650829098295827	0.01158981131803667	0.007691602071068985	0.01948540896310064	0.01710848927566151	0.02046974179561352	0.01329640618943961	0.01789725400765204	0.01546669327228922	0.0214446979919765	0.008283454528263571	0.01551508241805436	0.008366624311789425	0.01060680598378602	0.01601555359542758	0.004017444075823509	0.01452057261435862
B_KR_AF273186_1997	0.007191019679260199	0.008982945898535868	0.01260941072127066	0.008943285242952646	0.01078384473910412	0.0108128467358451	0	0.009308168768911792	0.01075185108627738	0.01450994562856953	0.008943285242952646	0.01272609560145545	0.01626953292693411	0.02549172787647069	0.01266699621159516	0.005351058420244854	0.006114511197495598	0.008964585495585304	0.009317771050556738	0.01077966523970184	0.003575765448916168	0.01043236185672067	0.00538140608165779	0.007199095871421791	0.001782015280931122	0.003575765448916168	0.01260941072127066	0.00538140608165779	0.008982945898535868	0.01806667337419315	0.008956058972573875	0.01993220782223929	0.01631242831614195	0.0108016874201125	0.008988979199538272	0.02728573435595808	0.00538140608165779	0.01082177989926562	0.00538140608165779	0.01082177989926562	0.008943285242952646	0.01272609560145545	0.008982945898535868
B_KR_AY242902_1998	0.01310667368047267	0.01120888589417587	0.01874403844242459	0.01491232004636963	0.01303885254440404	0.0130821765794824	0.009308168768911792	0	0.01308167430460572	0.016867855414466	0.01491232004636963	0.01496713828920192	0.01882295420399395	0.02451212882389887	0.01493648778036262	0.01121233040660506	0.01075058318579268	0.01126669134998047	0.01118426979542098	0.01320290494177952	0.009308168768911792	0.01530630049060458	0.01118145945421832	0.009308168768911792	0.00744767306098214	0.005599798730600701	0.01874403844242459	0.00744767306098214	0.01120888589417587	0.02066671250894955	0.01115947569363034	0.02260232784323184	0.01874403844242459	0.01306772232319658	0.01117081369828286	0.02838054170834763	0.00744767306098214	0.01683902830531936	0.00744767306098214	0.01304714351183729	0.01491232004636963	0.01496713828920192	0.01496843944846065
B_KR_AF273203_1997	0.01412829804513234	0.008653988232634167	0.01847695337356819	0.01000406379456856	0.01743205691922117	0.01337252739717167	0.01075185108627738	0.01308167430460572	0	0.01679187311423215	0.01406347678522042	0.01511230628554656	0.01847734079753703	0.03056734050987165	0.01565339400799779	0.008324839579240731	0.009989828871640396	0.0116888553717249	0.01682444047691585	0.01167881711026349	0.01047039980638573	0.01426686489877683	0.01169296056848608	0.009999250281577896	0.008316006255985612	0.007053079044331454	0.01847695337356819	0.008316006255985612	0.01167881711026349	0.02360924496265512	0.01336962740196044	0.0219237630512757	0.02016643552854794	0.0142315080722556	0.01167343312942382	0.03225522526015986	0.008316006255985612	0.01679403529428955	0.00832986071707718	0.01167343312942382	0.01418819286959708	0.01511230628554656	0.01507683491674852
B_KR_EF152298_2004	0.01380248328886098	0.01469139145174662	0.01754179489280609	0.02162624739819547	0.02114091783281961	0.003043491290920449	0.01450994562856953	0.016867855414466	0.01679187311423215	0	0.02234025617691894	0.01020945590442654	0.02484455182180486	0.02698331699944582	0.0126112232899561	0.01643872696426806	0.01203229603952949	0.01642024504668027	0.0208166345453617	0.02062293371082227	0.01370662130550887	0.01115947569363034	0.01129055496372873	0.01129055496372873	0.01126535182318198	0.01067812919983877	0.01543733088609014	0.01541066920900446	0.01124668197263757	0.02275359399111255	0.02064855574018695	0.02382520666264363	0.01640512139306177	0.02159669400182992	0.01850774157684162	0.02486233588054138	0.01166390812452223	0.01438457594160248	0.01178171199341221	0.01333816534695207	0.01968278288046119	0.004355761231603504	0.01437384487859306
B_KR_AY585687_1999	0.01481228466223404	0.02230106440135854	0.0234384421873715	0.02015431800545571	0.0202089938812173	0.01908958472728969	0.008943285242952646	0.01491232004636963	0.01406347678522042	0.02234025617691894	0	0.02347596710373849	0.03108508150743938	0.02894170215790943	0.02347041565998073	0.01798646871579758	0.007982001533102145	0.02016082669120284	0.01874627871237943	0.0223332486662579	0.01265880622213481	0.01115153287430108	0.01693623887882247	0.01478100567048089	0.01051598151056848	0.008832692156035883	0.02780025440846942	0.02123329281173708	0.01907201567458505	0.0277605235870591	0.01700914898878327	0.02456811452855314	0.0299625049287485	0.01784299679330496	0.02226765374458543	0.0343645736653562	0.01043922702269943	0.02448467462457771	0.01054935916251978	0.02343878846340381	0	0.01698460606240876	0.0256092388802112
B_KR_AY392114_2001	0.01598153572751842	0.01468549529067101	0.01652873899056208	0.02867461409953357	0.02223911962793066	0.008674047690525506	0.01272609560145545	0.01496713828920192	0.01511230628554656	0.01020945590442654	0.02347596710373849	0	0.02949878208311683	0.02443252204718047	0.01154620750970727	0.02006563223042637	0.01001444439655667	0.01748080022627003	0.01895013580049746	0.01945473152825596	0.01593619592555336	0.009288837288055586	0.01361307581443551	0.01066229848596788	0.01357948656139116	0.008916279436964877	0.0194857357732078	0.01553872072270663	0.01258892552666975	0.02146314316887085	0.02438967821835951	0.02146314316887085	0.01849791694341717	0.01980438666647182	0.01845083995944683	0.02643261760929519	0.0100180492558261	0.01848931478744833	0.01011943782558715	0.01554395086129546	0.01790982255542943	0	0.0174824161144753
B_KR_DQ660453_2004	0.02467524259963499	0.025446477892523	0.02954730027718213	0.03272720061707866	0.0298101340771224	0.02243185879731112	0.01626953292693411	0.01882295420399395	0.01847734079753703	0.02484455182180486	0.03108508150743938	0.02949878208311683	0	0.04068342928885043	0.02657849788297972	0.02408599147235277	0.007989969208005611	0.02739293212696244	0.02264688884668346	0.03043625843421065	0.02230120444437119	0.01871634249620186	0.02342751551012832	0.02244899109533373	0.02143694632014117	0.01244062713680188	0.02743400537478463	0.02642046164693811	0.02240831287153762	0.03460761303648736	0.02218705400736004	0.03760711168183467	0.0311929651632688	0.02337246463185291	0.03034493818819602	0.03961019631938894	0.01329987239430816	0.02640855541984402	0.01343388345750426	0.02742298814245156	0.02143505386951275	0.02320482748560092	0.02848335243800511
B_KR_DQ660466_2003	0.02906990178491264	0.02759602492291081	0.02439392007258578	0.03685170832930257	0.02990419824495089	0.02345789664441655	0.02549172787647069	0.02451212882389887	0.03056734050987165	0.02698331699944582	0.02894170215790943	0.02443252204718047	0.04068342928885043	0	0.02657356599608267	0.02819646124972388	0.03060634468568691	0.02645138389961778	0.01304714351183729	0.0284653757921414	0.02783438238738224	0.03029622571541641	0.02446633334211905	0.0194589573170162	0.02443730193260858	0.02517082770472802	0.03044947969968783	0.02745738376120194	0.02342751551012832	0.009619749395444445	0.03273523437553195	0.005762965251675791	0.03334253641505158	0.02890156896010073	0.02331883723872832	0.01350372049285487	0.02521204853937565	0.02738440354594263	0.02546896381308541	0.02643261760929519	0.03059590616902769	0.02463059771717379	0.02843274347458162
B_KR_AY219018_2002	0.01491941897734579	0.01470236581875364	0.01910962583260816	0.02327719981902665	0.01791173644972183	0.009426277370732969	0.01266699621159516	0.01493648778036262	0.01565339400799779	0.0126112232899561	0.02347041565998073	0.01154620750970727	0.02657849788297972	0.02657356599608267	0	0.02013542139643965	0.01202306421759601	0.01791789184473084	0.01886939740927068	0.02006102049891631	0.01699414414340108	0.009272154055392006	0.01485007924188719	0.01052450686376939	0.01263854520574073	0.008877254436644891	0.01904114287799539	0.01473278931073067	0.0126112232899561	0.02224519909868825	0.02228631926355299	0.02334389137503271	0.02006015614506507	0.01973509657110674	0.01790929992589048	0.0287520815857389	0.01035482165779449	0.01795844197748283	0.01046317756518224	0.01477715869658621	0.01785818356719761	0.007550094092021773	0.01686658908463894
B_KR_AY219015_2002	0.01163942391700383	0.01895652422868687	0.0169697727027013	0.0128783875455199	0.02545768706500046	0.0129177812229573	0.005351058420244854	0.01121233040660506	0.008324839579240731	0.01643872696426806	0.01798646871579758	0.02006563223042637	0.02408599147235277	0.02819646124972388	0.02013542139643965	0	0.008006422407673932	0.01793637753744025	0.01495136048711241	0.0220194737041033	0.009434013250616862	0.0130263293440271	0.01091196017384208	0.01293646302126675	0.00691244741106147	0.005285069563360921	0.01897214127220878	0.01694856898899904	0.01492831030000961	0.02305077288081573	0.01605409959396735	0.02510894808496849	0.02482224593031713	0.01602920028764883	0.01891503679466805	0.02713591539255779	0.006593810304609731	0.01794634014540797	0.006659680244931623	0.01796951086038202	0.01060376640927004	0.01266261395862473	0.01694726301574198
B_KR_AF282155_1999	0.007989969208005611	0.007989969208005611	0.008004159103199312	0.007988100431690152	0.007982001533102145	0.01000782085097843	0.006114511197495598	0.01075058318579268	0.009989828871640396	0.01203229603952949	0.007982001533102145	0.01001444439655667	0.007989969208005611	0.03060634468568691	0.01202306421759601	0.008006422407673932	0	0.008041138802618716	0.0149751282787075	0.007998280999969147	0.005980429356996325	0.01223835477874298	0.007989969208005611	0.007989969208005611	0.003985606088843021	0.004017631884368274	0.01201772985445279	0.005980429356996325	0.007998280999969147	0.02230106989367757	0.007998280999969147	0.02229318095177349	0.01404575498087559	0.01415731717491741	0.009995039091173216	0.03056728834966134	0.005980429356996325	0.009995039091173216	0.005980429356996325	0.009995039091173216	0.008046227371776977	0.01001444439655667	0.007998280999969147
B_KR_HQ026525_1992	0.01484205077384107	0.01681549419585423	0.01877277858364788	0.02662876353080595	0.02111909565438552	0.01254638151938415	0.008964585495585304	0.01126669134998047	0.0116888553717249	0.01642024504668027	0.02016082669120284	0.01748080022627003	0.02739293212696244	0.02645138389961778	0.01791789184473084	0.01793637753744025	0.008041138802618716	0	0.01496713828920192	0.02034048698990695	0.01476973049393004	0.0130758238353881	0.01401176067797085	0.01401176067797085	0.01250347999163541	0.005298857833703635	0.0234218532117793	0.01400189480193968	0.0108530797953499	0.0234106676405014	0.02219724075219739	0.02684448667168706	0.02268055753029188	0.01605531904290569	0.01948046308115257	0.03328459218738919	0.00660346648780505	0.02241222937653653	0.006669530696823934	0.01871916853202208	0.01418529155176271	0.01215891359148815	0.02510418051261061
B_KR_AY242905_1998	0.0169546059333771	0.01499643954900068	0.02074003581484543	0.01874627871237943	0.01686874557344629	0.01692271980168047	0.009317771050556738	0.01118426979542098	0.01682444047691585	0.0208166345453617	0.01874627871237943	0.01895013580049746	0.02264688884668346	0.01304714351183729	0.01886939740927068	0.01495136048711241	0.0149751282787075	0.01496713828920192	0	0.016867855414466	0.01312994080413644	0.01750321712206016	0.01505622105681623	0.01312994080413644	0.01121718701656208	0.009317771050556738	0.02269725775883724	0.01121718701656208	0.01499643954900068	0.009307320269499823	0.01879677680206173	0.01117461068674329	0.02269725775883724	0.01312994080413644	0.01117818155658092	0.01687524208170727	0.01121718701656208	0.02082661935326249	0.01121718701656208	0.01692613839648698	0.01874627871237943	0.01895013580049746	0.01886271919364379
B_KR_HQ026546_1991	0.01917075794923855	0.01895849097920942	0.02439892184431793	0.0296429349661105	0.0243699456485602	0.01647851774557118	0.01077966523970184	0.01320290494177952	0.01167881711026349	0.02062293371082227	0.0223332486662579	0.01945473152825596	0.03043625843421065	0.0284653757921414	0.02006102049891631	0.0220194737041033	0.007998280999969147	0.02034048698990695	0.016867855414466	0	0.019036726995505	0.009283145880075909	0.01720749990259925	0.01638818859979918	0.01641396855693343	0.007091165169061737	0.02541818488668765	0.01876370976452475	0.01875583241477183	0.02644005466247928	0.02330001113331304	0.02770456280701444	0.02907049270857525	0.01424738457947401	0.0226590050770635	0.03082738179138143	0.00994026576740889	0.02440218159362399	0.010040070765747	0.02353238825526013	0.01418529155176271	0.01353606631441649	0.02833707754310083
B_KR_AY219016_2002	0.00843740744292249	0.01581191362890169	0.01695506530524877	0.01367594144965478	0.0190741270888046	0.01050911014371057	0.003575765448916168	0.009308168768911792	0.01047039980638573	0.01370662130550887	0.01265880622213481	0.01593619592555336	0.02230120444437119	0.02783438238738224	0.01699414414340108	0.009434013250616862	0.005980429356996325	0.01476973049393004	0.01312994080413644	0.019036726995505	0	0.009288837288055586	0.008393145475048887	0.0105270730248207	0.004177485769453745	0.003531566633239979	0.0190741270888046	0.01476439186878418	0.01263235876680094	0.02339811584634055	0.01368827879607239	0.02455749175178899	0.02120304164141286	0.01427389880335867	0.01794959919210733	0.02772785297061914	0.005195023360891389	0.01798755763084875	0.005249568291352846	0.014789345953015	0.008832692156035883	0.01075159162257001	0.01691456297406441
B_KR_AY347694_1991	0.01117818155658092	0.007412507474501161	0.01491876509616365	0.01113719172749947	0.009272154055392006	0.009283145880075909	0.01043236185672067	0.01530630049060458	0.01426686489877683	0.01115947569363034	0.01115153287430108	0.009288837288055586	0.01871634249620186	0.03029622571541641	0.009272154055392006	0.0130263293440271	0.01223835477874298	0.0130758238353881	0.01750321712206016	0.009283145880075909	0.009288837288055586	0	0.01117818155658092	0.01117818155658092	0.007412507474501161	0.00820298390163148	0.01491876509616365	0.009288837288055586	0.01115947569363034	0.02258263492803858	0.01115947569363034	0.02258945475737392	0.009293535405551187	0.01865019777426519	0.0149151668464934	0.02831618210562675	0.01007498444920377	0.01304396862643763	0.01019828742331685	0.01304396862643763	0.01234465856686352	0.009288837288055586	0.007419652451292872
B_KR_HQ026550_1992	0.01060211078435538	0.01365029551601341	0.01724228260880391	0.02159052461543527	0.02011885125424939	0.008680695437324354	0.00538140608165779	0.01118145945421832	0.01169296056848608	0.01129055496372873	0.01693623887882247	0.01361307581443551	0.02342751551012832	0.02446633334211905	0.01485007924188719	0.01091196017384208	0.007989969208005611	0.01401176067797085	0.01505622105681623	0.01720749990259925	0.008393145475048887	0.01117818155658092	0	0.01169763224077372	0.008637374318760254	0.00531466968127349	0.01551508241805436	0.014045253232527	0.01402762306527327	0.01948172112428185	0.01507000761849548	0.02444835287466706	0.01748639118664393	0.01610494667229394	0.0179235377947395	0.02761849846242474	0.006637595659567441	0.01651569735296739	0.006704350143964362	0.01719639101201664	0.01062408076706851	0.01222866675927265	0.02192211956269675
B_KR_HQ026549_1992	0.01060211078435538	0.009400513036809378	0.01404727410191752	0.02160293384658024	0.01793897334209567	0.007719047011644065	0.007199095871421791	0.009308168768911792	0.009999250281577896	0.01129055496372873	0.01478100567048089	0.01066229848596788	0.02244899109533373	0.0194589573170162	0.01052450686376939	0.01293646302126675	0.007989969208005611	0.01401176067797085	0.01312994080413644	0.01638818859979918	0.0105270730248207	0.01117818155658092	0.01169763224077372	0	0.007676350482247208	0.003531566633239979	0.01653653892441346	0.0124531667504746	0.01244017576281448	0.01651024192318815	0.01713423977107629	0.02039932272800708	0.01960468995622017	0.01427389880335867	0.01396757210355364	0.02519446739148023	0.004962971849190641	0.01355750900376792	0.005012729308332876	0.01480858874867487	0.008832692156035883	0.009496982060792927	0.01875757383477573
B_KR_AY347690_1991	0.004204963664690115	0.01151412341628072	0.01448160257983139	0.01859804959304873	0.01791017246013059	0.008665366083413754	0.001782015280931122	0.00744767306098214	0.008316006255985612	0.01126535182318198	0.01051598151056848	0.01357948656139116	0.02143694632014117	0.02443730193260858	0.01263854520574073	0.00691244741106147	0.003985606088843021	0.01250347999163541	0.01121718701656208	0.01641396855693343	0.004177485769453745	0.007412507474501161	0.008637374318760254	0.007676350482247208	0	0.001760060026552609	0.01748080022627003	0.01153991176135903	0.009599646156640287	0.0194589573170162	0.01099925549779948	0.02236309476779142	0.01957827487804815	0.0124550772441159	0.01541230786222495	0.02633127142871006	0.003298580451796107	0.01648708011696726	0.0033315490059805	0.01448160257983139	0.007053007654027074	0.00946406306868797	0.01642862931259735
B_KR_AF273190_1991	0.007101647699746996	0.005293416396113874	0.01245237657612288	0.008832692156035883	0.007060787937948086	0.007076519444147385	0.003575765448916168	0.005599798730600701	0.007053079044331454	0.01067812919983877	0.008832692156035883	0.008916279436964877	0.01244062713680188	0.02517082770472802	0.008877254436644891	0.005285069563360921	0.004017631884368274	0.005298857833703635	0.009317771050556738	0.007091165169061737	0.003531566633239979	0.00820298390163148	0.00531466968127349	0.003531566633239979	0.001760060026552609	0	0.01245237657612288	0.001760060026552609	0.005293416396113874	0.01784101843884468	0.00884515014459226	0.0196825150802458	0.01245237657612288	0.01066725214449623	0.005293755992915337	0.02694257743416449	0.001760060026552609	0.01068683879751298	0.001760060026552609	0.007079612365982354	0.008832692156035883	0.008916279436964877	0.008871371757166645
B_KR_DQ660484_2002	0.02141373370562427	0.02220685400461622	0.01749303007090357	0.02967810625550858	0.02656073483800183	0.01650829098295827	0.01260941072127066	0.01874403844242459	0.01847695337356819	0.01543733088609014	0.02780025440846942	0.0194857357732078	0.02743400537478463	0.03044947969968783	0.01904114287799539	0.01897214127220878	0.01201772985445279	0.0234218532117793	0.02269725775883724	0.02541818488668765	0.0190741270888046	0.01491876509616365	0.01551508241805436	0.01653653892441346	0.01748080022627003	0.01245237657612288	0	0.02052699199848386	0.01648576852145198	0.02847288759057834	0.02117655268426825	0.02745084235853469	0.02804954661180756	0.02339020424450296	0.02041034766774489	0.03042282937262427	0.01332305364573461	0.004797125320644118	0.01345754382880629	0.01945431605547212	0.01780454334883505	0.01215299741784986	0.01061294409406846
B_KR_HQ026545_1992	0.0127082729089302	0.01575551626637659	0.02041607188972588	0.02763442022577505	0.02002904394753255	0.01158981131803667	0.00538140608165779	0.00744767306098214	0.008316006255985612	0.01541066920900446	0.02123329281173708	0.01553872072270663	0.02642046164693811	0.02745738376120194	0.01473278931073067	0.01694856898899904	0.005980429356996325	0.01400189480193968	0.01121718701656208	0.01876370976452475	0.01476439186878418	0.009288837288055586	0.014045253232527	0.0124531667504746	0.01153991176135903	0.001760060026552609	0.02052699199848386	0	0.0108587355475024	0.02044232179696085	0.02120433846996438	0.02849508748988559	0.02378270470201103	0.0124550772441159	0.02029061611199042	0.03335350861034645	0.003298580451796107	0.01952539727674072	0.0033315490059805	0.01955865332509672	0.01062408076706851	0.008119829337864591	0.02272863087338079
B_KR_HQ026527_1993	0.01164209891772684	0.01362590939768069	0.01878364064507373	0.02362561055986265	0.01788754031102222	0.007691602071068985	0.008982945898535868	0.01120888589417587	0.01167881711026349	0.01124668197263757	0.01907201567458505	0.01258892552666975	0.02240831287153762	0.02342751551012832	0.0126112232899561	0.01492831030000961	0.007998280999969147	0.0108530797953499	0.01499643954900068	0.01875583241477183	0.01263235876680094	0.01115947569363034	0.01402762306527327	0.01244017576281448	0.009599646156640287	0.005293416396113874	0.01648576852145198	0.0108587355475024	0	0.0194589573170162	0.01708485124998002	0.02682822414672831	0.01955485565490569	0.01606620613871677	0.01713707341677874	0.03248932173504217	0.006608830717886772	0.01549481938927572	0.00667500347615794	0.01557261804816017	0.01420028877616971	0.009431975915801402	0.02190938799965214
B_KR_DQ660463_2003	0.02356541097839175	0.02435435833059998	0.02046044412511592	0.03580017850711033	0.02759955360335868	0.01948540896310064	0.01806667337419315	0.02066671250894955	0.02360924496265512	0.02275359399111255	0.0277605235870591	0.02146314316887085	0.03460761303648736	0.009619749395444445	0.02224519909868825	0.02305077288081573	0.02230106989367757	0.0234106676405014	0.009307320269499823	0.02644005466247928	0.02339811584634055	0.02258263492803858	0.01948172112428185	0.01651024192318815	0.0194589573170162	0.01784101843884468	0.02847288759057834	0.02044232179696085	0.0194589573170162	0	0.02952264337969241	0.007685091721675925	0.02907049270857525	0.02149665619511792	0.02035926265440985	0.009627372820536995	0.01835046433320173	0.02541373438550909	0.01853602021603076	0.02446633334211905	0.02322783584729949	0.02043340542175445	0.02645138389961778
B_KR_AY219011_2002	0.0159515572541696	0.02327782608663718	0.02333069481981631	0.01910067878589053	0.02549643719974733	0.01710848927566151	0.008956058972573875	0.01115947569363034	0.01336962740196044	0.02064855574018695	0.01700914898878327	0.02438967821835951	0.02218705400736004	0.03273523437553195	0.02228631926355299	0.01605409959396735	0.007998280999969147	0.02219724075219739	0.01879677680206173	0.02330001113331304	0.01368827879607239	0.01115947569363034	0.01507000761849548	0.01713423977107629	0.01099925549779948	0.00884515014459226	0.02117655268426825	0.02120433846996438	0.01708485124998002	0.02952264337969241	0	0.0285660844269645	0.02694159254780051	0.01788871394029658	0.02526204323918772	0.03367818558942366	0.009937652459886938	0.02013552466767628	0.01003740658116911	0.02224460643428322	0.01241908793309871	0.01573178720894282	0.02327727554979199
B_KR_GQ290725_2007	0.02576866244919681	0.02434194858787431	0.02035820261148799	0.03276114744661204	0.02665029894845728	0.02046974179561352	0.01993220782223929	0.02260232784323184	0.0219237630512757	0.02382520666264363	0.02456811452855314	0.02146314316887085	0.03760711168183467	0.005762965251675791	0.02334389137503271	0.02510894808496849	0.02229318095177349	0.02684448667168706	0.01117461068674329	0.02770456280701444	0.02455749175178899	0.02258945475737392	0.02444835287466706	0.02039932272800708	0.02236309476779142	0.0196825150802458	0.02745084235853469	0.02849508748988559	0.02682822414672831	0.007685091721675925	0.0285660844269645	0	0.03015051372474055	0.01976828943184742	0.0250642897749134	0.01241485202278376	0.02008042415172072	0.02440218159362399	0.02028411537612545	0.02844387303258508	0.02325327188733113	0.02047941340857219	0.03160903564565391
B_KR_AY219021_2002	0.02025208253577767	0.02108804690774942	0.02702752421001914	0.03007266268154096	0.02869776404642638	0.01329640618943961	0.01631242831614195	0.01874403844242459	0.02016643552854794	0.01640512139306177	0.0299625049287485	0.01849791694341717	0.0311929651632688	0.03334253641505158	0.02006015614506507	0.02482224593031713	0.01404575498087559	0.02268055753029188	0.02269725775883724	0.02907049270857525	0.02120304164141286	0.009293535405551187	0.01748639118664393	0.01960468995622017	0.01957827487804815	0.01245237657612288	0.02804954661180756	0.02378270470201103	0.01955485565490569	0.02907049270857525	0.02694159254780051	0.03015051372474055	0	0.02339020424450296	0.02690695100194228	0.03332249426606598	0.01498646591240006	0.02696888563687549	0.01513772842561023	0.02167502736405495	0.0214775960088088	0.01168948061171505	0.02591011466948803
B_KR_AF281873_1997	0.01792934784870197	0.01606620613871677	0.02339020424450296	0.01784299679330496	0.01784053536901334	0.01789725400765204	0.0108016874201125	0.01306772232319658	0.0142315080722556	0.02159669400182992	0.01784299679330496	0.01980438666647182	0.02337246463185291	0.02890156896010073	0.01973509657110674	0.01602920028764883	0.01415731717491741	0.01605531904290569	0.01312994080413644	0.01424738457947401	0.01427389880335867	0.01865019777426519	0.01610494667229394	0.01427389880335867	0.0124550772441159	0.01066725214449623	0.02339020424450296	0.0124550772441159	0.01606620613871677	0.02149665619511792	0.01788871394029658	0.01976828943184742	0.02339020424450296	0	0.01605476256948059	0.03063466036451456	0.0124550772441159	0.02159408014087748	0.008853467488424516	0.01788871394029658	0.01787489633359143	0.01980438666647182	0.01974069367239992
B_KR_HQ026526_1992	0.01697213373341899	0.01677730374803902	0.02111085236051304	0.02759273576950245	0.02540225082898337	0.01546669327228922	0.008988979199538272	0.01117081369828286	0.01167343312942382	0.01850774157684162	0.02226765374458543	0.01845083995944683	0.03034493818819602	0.02331883723872832	0.01790929992589048	0.01891503679466805	0.009995039091173216	0.01948046308115257	0.01117818155658092	0.0226590050770635	0.01794959919210733	0.0149151668464934	0.0179235377947395	0.01396757210355364	0.01541230786222495	0.005293755992915337	0.02041034766774489	0.02029061611199042	0.01713707341677874	0.02035926265440985	0.02526204323918772	0.0250642897749134	0.02690695100194228	0.01605476256948059	0	0.02988312869667104	0.006611523548849946	0.01743030716416454	0.006677751191837092	0.02109384357530244	0.01060949862929812	0.01489739444241561	0.02745341450294264
B_KR_HQ026615_2010	0.03016128132148286	0.02868525734530194	0.02677323069639706	0.03781680154982902	0.03640154119270154	0.0214446979919765	0.02728573435595808	0.02838054170834763	0.03225522526015986	0.02486233588054138	0.0343645736653562	0.02643261760929519	0.03961019631938894	0.01350372049285487	0.0287520815857389	0.02713591539255779	0.03056728834966134	0.03328459218738919	0.01687524208170727	0.03082738179138143	0.02772785297061914	0.02831618210562675	0.02761849846242474	0.02519446739148023	0.02633127142871006	0.02694257743416449	0.03042282937262427	0.03335350861034645	0.03248932173504217	0.009627372820536995	0.03367818558942366	0.01241485202278376	0.03332249426606598	0.03063466036451456	0.02988312869667104	0	0.02684986850668569	0.02736466704788876	0.02712302718373904	0.03327537763642029	0.0323925019969659	0.02875875203596443	0.03566365853324504
B_KR_AF273202_1993	0.008747205000183054	0.006869899571564038	0.01332305364573461	0.009921348915657087	0.01209612799905564	0.008283454528263571	0.00538140608165779	0.00744767306098214	0.008316006255985612	0.01166390812452223	0.01043922702269943	0.0100180492558261	0.01329987239430816	0.02521204853937565	0.01035482165779449	0.006593810304609731	0.005980429356996325	0.00660346648780505	0.01121718701656208	0.00994026576740889	0.005195023360891389	0.01007498444920377	0.006637595659567441	0.004962971849190641	0.003298580451796107	0.001760060026552609	0.01332305364573461	0.003298580451796107	0.006608830717886772	0.01835046433320173	0.009937652459886938	0.02008042415172072	0.01498646591240006	0.0124550772441159	0.006611523548849946	0.02684986850668569	0	0.01167397682160825	0.0033315490059805	0.008288575635760574	0.01062408076706851	0.0100180492558261	0.009968437344786042
B_KR_DQ660447_2004	0.02030817165510555	0.02111349166234808	0.01649817373275491	0.02864969291352972	0.02546010692020968	0.01551508241805436	0.01082177989926562	0.01683902830531936	0.01679403529428955	0.01438457594160248	0.02448467462457771	0.01848931478744833	0.02640855541984402	0.02738440354594263	0.01795844197748283	0.01794634014540797	0.009995039091173216	0.02241222937653653	0.02082661935326249	0.02440218159362399	0.01798755763084875	0.01304396862643763	0.01651569735296739	0.01355750900376792	0.01648708011696726	0.01068683879751298	0.004797125320644118	0.01952539727674072	0.01549481938927572	0.02541373438550909	0.02013552466767628	0.02440218159362399	0.02696888563687549	0.02159408014087748	0.01743030716416454	0.02736466704788876	0.01167397682160825	0	0.01179198713125759	0.01845728910836664	0.01240366623265275	0.01081110255537109	0.009630924200678159
B_KR_AF273201_1994	0.008840000739145069	0.006941432094637824	0.01345754382880629	0.0100207725573733	0.01222287079230667	0.008366624311789425	0.00538140608165779	0.00744767306098214	0.00832986071707718	0.01178171199341221	0.01054935916251978	0.01011943782558715	0.01343388345750426	0.02546896381308541	0.01046317756518224	0.006659680244931623	0.005980429356996325	0.006669530696823934	0.01121718701656208	0.010040070765747	0.005249568291352846	0.01019828742331685	0.006704350143964362	0.005012729308332876	0.0033315490059805	0.001760060026552609	0.01345754382880629	0.0033315490059805	0.00667500347615794	0.01853602021603076	0.01003740658116911	0.02028411537612545	0.01513772842561023	0.008853467488424516	0.006677751191837092	0.02712302718373904	0.0033315490059805	0.01179198713125759	0	0.008371849883620408	0.01062408076706851	0.01011943782558715	0.01006881616791519
B_KR_HQ026515_1992	0.01598153572751842	0.01468549529067101	0.01880135318933906	0.02461949287663691	0.02223911962793066	0.01060680598378602	0.01082177989926562	0.01304714351183729	0.01167343312942382	0.01333816534695207	0.02343878846340381	0.01554395086129546	0.02742298814245156	0.02643261760929519	0.01477715869658621	0.01796951086038202	0.009995039091173216	0.01871916853202208	0.01692613839648698	0.02353238825526013	0.014789345953015	0.01304396862643763	0.01719639101201664	0.01480858874867487	0.01448160257983139	0.007079612365982354	0.01945431605547212	0.01955865332509672	0.01557261804816017	0.02446633334211905	0.02224460643428322	0.02844387303258508	0.02167502736405495	0.01788871394029658	0.02109384357530244	0.03327537763642029	0.008288575635760574	0.01845728910836664	0.008371849883620408	0	0.01602784829714833	0.01215299741784986	0.02189754339240306
B_KR_AF273180_1999	0.0124411094533848	0.01420028877616971	0.01780454334883505	0.01240366623265275	0.01242732845113795	0.01601555359542758	0.008943285242952646	0.01491232004636963	0.01418819286959708	0.01968278288046119	0	0.01790982255542943	0.02143505386951275	0.03059590616902769	0.01785818356719761	0.01060376640927004	0.008046227371776977	0.01418529155176271	0.01874627871237943	0.01418529155176271	0.008832692156035883	0.01234465856686352	0.01062408076706851	0.008832692156035883	0.007053007654027074	0.008832692156035883	0.01780454334883505	0.01062408076706851	0.01420028877616971	0.02322783584729949	0.01241908793309871	0.02325327188733113	0.0214775960088088	0.01787489633359143	0.01060949862929812	0.0323925019969659	0.01062408076706851	0.01240366623265275	0.01062408076706851	0.01602784829714833	0	0.01790982255542943	0.01420028877616971
B_KR_AY166480_2001	0.01235784101242544	0.01060563082010747	0.01490317397792282	0.02626078078136906	0.01522304772165927	0.004017444075823509	0.01272609560145545	0.01496713828920192	0.01511230628554656	0.004355761231603504	0.01698460606240876	0	0.02320482748560092	0.02463059771717379	0.007550094092021773	0.01266261395862473	0.01001444439655667	0.01215891359148815	0.01895013580049746	0.01353606631441649	0.01075159162257001	0.009288837288055586	0.01222866675927265	0.009496982060792927	0.00946406306868797	0.008916279436964877	0.01215299741784986	0.008119829337864591	0.009431975915801402	0.02043340542175445	0.01573178720894282	0.02047941340857219	0.01168948061171505	0.01980438666647182	0.01489739444241561	0.02875875203596443	0.0100180492558261	0.01081110255537109	0.01011943782558715	0.01215299741784986	0.01790982255542943	0	0.009431975915801402
B_KR_GQ290754_2007	0.01922381305288206	0.02006251090957949	0.01795154220030373	0.02765760128806934	0.02656740928176829	0.01452057261435862	0.008982945898535868	0.01496843944846065	0.01507683491674852	0.01437384487859306	0.0256092388802112	0.0174824161144753	0.02848335243800511	0.02843274347458162	0.01686658908463894	0.01694726301574198	0.007998280999969147	0.02510418051261061	0.01886271919364379	0.02833707754310083	0.01691456297406441	0.007419652451292872	0.02192211956269675	0.01875757383477573	0.01642862931259735	0.008871371757166645	0.01061294409406846	0.02272863087338079	0.02190938799965214	0.02645138389961778	0.02327727554979199	0.03160903564565391	0.02591011466948803	0.01974069367239992	0.02745341450294264	0.03566365853324504	0.009968437344786042	0.009630924200678159	0.01006881616791519	0.02189754339240306	0.01420028877616971	0.009431975915801402	0